7.09972e+07,
8.74985e+07,
4.80121e+07,
2.36476e+07,
9.82397e+07,
9.93557e+07,
7.43809e+07,
6.2533e+07,
7.97227e+07,
5.91403e+07,
4.83694e+07,
6.73925e+07,
1.00704e+08,
6.81901e+07,
4.93104e+07,
3.74745e+07,
7.6681e+07,
7.03853e+07,
4.84418e+07,
6.44391e+07,
3.40485e+07,
3.75134e+07,
3.90352e+07,
3.6657e+07,
3.33302e+07,
4.39937e+07,
3.97579e+07,
4.61635e+07,
4.84586e+07,
2.60922e+07,
7.89086e+07,
4.34584e+07,
3.0491e+07,
5.90598e+07,
3.32111e+07,
6.67632e+07,
4.06828e+07,
6.23354e+07,
5.34949e+07,
1.78977e+08,
5.44403e+07,
6.73912e+07,
8.00906e+07,
3.31109e+07,
3.5793e+07,
5.55797e+07,
6.19818e+07,
1.59648e+08,
5.70786e+07,
8.74083e+07,
1.13879e+08,
6.03627e+07,
3.60473e+07,
3.51097e+07,
3.57176e+07,
3.77973e+07,
3.41282e+07,
4.32058e+07,
2.9798e+07,
3.85529e+07,
4.2979e+07,
2.72328e+07,
3.62111e+07,
3.61759e+07,
3.51659e+07,
2.19688e+07,
7.55682e+07,
4.22703e+07,
5.35669e+07,
5.62663e+07,
4.75552e+07,
1.1938e+08,
6.51196e+07,
4.3078e+07,
3.07298e+07,
3.08049e+07,
3.29261e+07,
2.27437e+07,
2.59511e+07,
5.0918e+07,
2.64264e+07,
2.11401e+07,
4.91819e+07,
4.90465e+07,
2.76453e+07,
2.77639e+07,
5.68696e+07,
3.92651e+07,
2.41183e+07,
2.06917e+07,
6.02018e+07,
2.85171e+07,
1.75392e+07,
2.77385e+07,
1.85521e+07,
1.37125e+07,
2.03561e+07,
1.40988e+07,
2.20975e+07,
7.58826e+07,
4.23434e+07,
2.89892e+07,
3.51638e+07,
2.3687e+07,
2.39607e+07,
2.6461e+07,
4.7024e+07,
3.55739e+07,
3.83143e+07,
3.29402e+07,
2.95106e+07,
2.57135e+07,
2.28642e+07,
1.63593e+07,
2.53617e+07,
4.29362e+07,
2.3864e+07,
2.37666e+07,
2.63511e+07,
1.77795e+07,
1.82351e+07,
4.03219e+07,
2.20938e+07,
2.495e+07,
2.23631e+07,
1.9295e+07,
2.31284e+07,
4.25986e+07,
4.22035e+07,
2.06517e+07,
3.52063e+07,
3.80336e+07,
2.6362e+07,
1.85573e+07,
2.48344e+07,
2.11625e+07,
1.74902e+07,
4.06077e+07,
8.02883e+07,
2.84912e+07,
2.293e+07,
2.22139e+07,
1.76859e+07,
1.86525e+07,
2.07729e+07,
2.72131e+07,
3.03569e+07,
4.10658e+07,
3.47815e+07,
7.79336e+07,
6.94382e+07,
1.22157e+08,
9.16044e+07,
4.29675e+07,
8.50355e+07,
3.54818e+07,
3.19569e+07,
5.58949e+07,
3.73694e+07,
3.88353e+07,
2.1052e+07,
2.37356e+07,
3.00223e+07,
1.92656e+07,
2.43427e+07,
5.10302e+07,
4.03327e+07,
5.64326e+07,
4.7062e+07,
3.35396e+07,
4.40407e+07,
8.66024e+07,
3.17445e+07,
3.52137e+07,
3.72666e+07,
1.46664e+07,
3.52479e+07,
5.4133e+07,
3.14391e+07,
3.28526e+07,
4.58252e+07,
3.17332e+07,
2.3087e+07,
1.94032e+07,
3.41194e+07,
4.93752e+07,
3.08541e+07,
3.45467e+07,
2.3156e+07,
3.09214e+07,
2.8336e+07,
2.05152e+07,
1.27683e+07,
2.80032e+07,
4.20909e+07,
2.3972e+07,
1.97377e+07,
2.17643e+07,
3.25149e+07,
2.34353e+07,
3.67191e+07,
2.5676e+07,
4.05144e+07,
2.6448e+07,
2.15167e+07,
2.86832e+07,
6.88346e+07,
3.52803e+07,
5.23907e+07,
6.83572e+07,
2.86904e+07,
2.4387e+07,
2.38716e+07,
3.20697e+07,
1.08904e+08,
7.37022e+07,
4.40133e+07,
5.20765e+07,
4.58331e+07,
6.88978e+07,
6.65386e+07,
5.0804e+07,
4.74386e+07,
6.33715e+07,
6.22095e+07,
3.76125e+07,
3.1067e+07,
2.95168e+07,
4.87033e+07,
1.06934e+08,
3.95597e+07,
5.8645e+07,
7.86083e+07,
3.40994e+07,
2.95596e+07,
6.26951e+07,
3.7626e+07,
2.95009e+07,
3.01921e+07,
3.51313e+07,
2.17803e+07,
3.86319e+07,
2.9042e+07,
2.70763e+07,
2.96978e+07,
2.52574e+07,
2.8691e+07,
3.62862e+07,
2.70617e+07,
2.05351e+07,
2.09963e+07,
1.87187e+07,
3.30739e+07,
1.12917e+08,
3.49493e+07,
2.66869e+07,
1.99628e+07,
2.60333e+07,
3.98001e+07,
2.68666e+07,
3.58922e+07,
2.77205e+07,
4.89268e+07,
6.48914e+07,
4.8618e+07,
3.96289e+07,
5.27569e+07,
3.99219e+07,
6.93541e+07,
4.90923e+07,
6.72852e+07,
3.47817e+07,
5.25504e+07,
7.41442e+07,
5.48332e+07,
3.8042e+07,
4.59521e+07,
2.56833e+07,
4.01407e+07,
2.68469e+07,
3.55082e+07,
4.65657e+07,
2.51354e+07,
2.86717e+07,
2.37211e+07,
2.22857e+07,
3.77967e+07,
2.07447e+07,
3.5999e+07,
2.76964e+07,
2.6872e+07,
3.91641e+07,
5.42622e+07,
4.24589e+07,
9.70084e+07,
5.27907e+07,
1.20906e+08,
9.44016e+07,
1.2286e+08,
5.23347e+07,
5.25227e+07,
4.92881e+07,
6.37996e+07,
6.135e+07,
5.23314e+07,
6.47609e+07,
4.84418e+07,
6.33226e+07,
6.65078e+07,
3.8759e+07,
3.70915e+07,
3.76603e+07,
3.5523e+07,
4.8705e+07,
4.16048e+07,
5.25203e+07,
5.49923e+07,
6.12813e+07,
1.60936e+08,
1.25005e+08,
6.78664e+07,
6.19325e+07,
5.05384e+07,
5.48574e+07,
6.2398e+07,
9.52932e+07,
5.95183e+07,
1.5892e+08,
8.27794e+07,
1.20017e+08,
7.16224e+07,
6.29863e+07,
7.79106e+07,
5.81679e+07,
4.20468e+07,
1.02557e+08,
1.06099e+08,
8.1352e+07,
1.3899e+08,
7.83613e+07,
1.00998e+08,
7.72361e+07,
8.26334e+07,
7.80003e+07,
9.6717e+07,
7.88201e+07,
8.32171e+07,
9.25677e+07,
8.59597e+07,
6.70461e+07,
8.34014e+07,
1.04198e+08,
8.07231e+07,
8.08482e+07,
6.16355e+07,
8.49757e+07,
1.14646e+08,
8.7372e+07,
9.53193e+07,
7.80836e+07,
6.91322e+07,
7.53229e+07,
5.98631e+07,
5.63199e+07,
6.83921e+07,
1.27254e+08,
1.13781e+08,
5.33926e+07,
5.70776e+07,
6.9954e+07,
8.70117e+07,
6.65343e+07,
7.07792e+07,
1.40879e+08,
8.7903e+07,
7.71181e+07,
6.59199e+07,
1.29479e+08,
9.04596e+07,
5.06835e+07,
6.57611e+07,
6.67133e+07,
4.91295e+07,
6.16005e+07,
1.14794e+08,
7.23817e+07,
5.65312e+07,
6.66087e+07,
5.23852e+07,
3.67323e+07,
4.10734e+07,
8.46423e+07,
8.28146e+07,
7.91495e+07,
6.8085e+07,
3.40851e+07,
3.74711e+07,
1.17643e+08,
7.16153e+07,
1.0099e+08,
5.64884e+07,
5.60655e+07,
7.43106e+07,
8.03296e+07,
4.16774e+07,
4.70277e+07,
4.80957e+07,
5.71083e+07,
4.84051e+07,
5.6377e+07,
4.24063e+07,
3.29741e+07,
2.90322e+07,
8.04098e+07,
5.55954e+07,
3.9807e+07,
5.10191e+07,
7.54259e+07,
7.54003e+07,
6.21507e+07,
5.87189e+07,
7.27092e+07,
5.49472e+07,
6.57945e+07,
4.27958e+07,
4.68984e+07,
3.97737e+07,
4.34172e+07,
8.82362e+07,
9.60683e+07,
6.64528e+07,
8.9855e+07,
5.08153e+07,
7.49769e+07,
6.37816e+07,
7.1038e+07,
7.41139e+07,
4.56881e+07,
5.12392e+07,
7.05336e+07,
3.86457e+07,
8.36841e+07,
8.76861e+07,
1.18383e+08,
5.13662e+07,
1.00112e+08,
8.24946e+07,
6.8144e+07,
9.0857e+07,
1.17357e+08,
8.67821e+07,
7.08669e+07,
1.25406e+08,
7.52207e+07,
8.01748e+07,
1.00946e+08,
1.16376e+08,
1.58039e+08,
1.14128e+08,
1.44557e+08,
1.29349e+08,
1.57621e+08,
1.31784e+08,
1.63723e+08,
7.8647e+07,
8.75005e+07,
1.16373e+08,
1.39305e+08,
1.15928e+08,
1.69254e+08,
1.24561e+08,
8.59704e+07,
1.09563e+08,
1.13993e+08,
7.77901e+07,
8.65118e+07,
6.76187e+07,
7.35547e+07,
6.79117e+07,
1.27058e+08,
9.39383e+07,
9.34708e+07,
7.19527e+07,
1.10998e+08,
8.3229e+07,
1.50683e+08,
1.13089e+08,
1.04002e+08,
1.23616e+08,
1.79405e+08,
1.06116e+08,
7.72076e+07,
1.22873e+08,
1.23949e+08,
8.28123e+07,
1.09629e+08,
1.28266e+08,
2.0066e+08,
1.50164e+08,
1.41357e+08,
2.07447e+08,
1.55381e+08,
1.21588e+08,
1.9199e+08,
1.68914e+08,
1.2344e+08,
1.12555e+08,
1.51784e+08,
8.67817e+07,
9.34726e+07,
1.41576e+08,
1.00758e+08,
9.48054e+07,
2.04967e+08,
1.74784e+08,
1.53011e+08,
2.49203e+08,
1.02961e+08,
1.14796e+08,
6.46502e+07,
7.8365e+07,
5.56011e+07,
6.93841e+07,
7.80995e+07,
7.8217e+07,
6.63296e+07,
5.81439e+07,
6.09824e+07,
6.57077e+07,
5.90555e+07,
6.92682e+07,
4.76222e+07,
5.83351e+07,
6.09492e+07,
5.14761e+07,
6.27111e+07,
7.01326e+07,
9.245e+07,
6.59778e+07,
1.36749e+08,
9.02878e+07,
1.48695e+08,
1.38099e+08,
1.03992e+08,
1.42079e+08,
1.46255e+08,
8.42022e+07,
8.05559e+07,
6.04071e+07,
6.7999e+07,
7.16143e+07,
9.0514e+07,
7.20924e+07,
5.44502e+07,
4.66386e+07,
8.0964e+07,
8.31673e+07,
7.64846e+07,
7.26474e+07,
6.03341e+07,
5.44467e+07,
9.06954e+07,
4.77828e+07,
8.41554e+07,
2.60286e+08,
7.08908e+07,
6.29125e+07,
4.41587e+07,
8.29448e+07,
1.17472e+08,
4.84431e+07,
4.98178e+07,
4.52106e+07,
6.83709e+07,
5.29529e+07,
5.59514e+07,
4.77782e+07,
5.66253e+07,
7.05066e+07,
4.37692e+07,
5.69155e+07,
4.41513e+07,
3.5393e+07,
4.58949e+07,
6.36474e+07,
4.90837e+07,
6.65388e+07,
4.08008e+07,
8.58897e+07,
8.85173e+07,
4.9022e+07,
7.46267e+07,
5.79391e+07,
5.12803e+07,
7.63559e+07,
4.59053e+07,
7.98485e+07,
6.66583e+07,
1.27826e+08,
7.43195e+07,
6.05494e+07,
4.65376e+07,
6.07497e+07,
7.17928e+07,
6.97084e+07,
7.35991e+07,
6.45112e+07,
9.00189e+07,
9.49167e+07,
5.19494e+07,
5.48434e+07,
8.24311e+07,
6.96043e+07,
5.55627e+07,
4.73782e+07,
6.47708e+07,
3.93785e+07,
4.31942e+07,
3.79943e+07,
4.64485e+07,
7.03699e+07,
1.06935e+08,
8.04573e+07,
8.36847e+07,
4.09006e+07,
4.82593e+07,
3.34172e+07,
3.7637e+07,
2.60699e+07,
5.63434e+07,
6.46804e+07,
3.62083e+07,
4.19786e+07,
5.61861e+07,
4.12109e+07,
6.35433e+07,
3.49042e+07,
4.54649e+07,
3.08741e+07,
6.13748e+07,
4.75075e+07,
3.5136e+07,
4.62143e+07,
6.36651e+07,
1.04186e+08,
7.56111e+07,
5.72632e+07,
5.85793e+07,
4.24944e+07,
2.78927e+07,
4.58496e+07,
5.21114e+07,
3.23791e+07,
6.58379e+07,
5.07437e+07,
4.57426e+07,
4.94712e+07,
3.2339e+07,
3.47071e+07,
4.3546e+07,
5.38847e+07,
5.5837e+07,
2.69596e+07,
6.35569e+07,
8.34705e+07,
4.18924e+07,
8.10431e+07,
5.78104e+07,
9.08526e+07,
6.23574e+07,
7.39524e+07,
1.12844e+08,
4.86319e+07,
5.82799e+07,
1.14533e+08,
7.74617e+07,
5.39743e+07,
5.84035e+07,
7.61402e+07,
6.0302e+07,
1.13882e+08,
1.61688e+08,
1.17213e+08,
8.10632e+07,
7.36203e+07,
7.97411e+07,
1.21642e+08,
1.26921e+08,
7.82835e+07,
6.89871e+07,
1.17395e+08,
5.47132e+07,
3.85082e+07,
5.10658e+07,
5.04946e+07,
5.4469e+07,
4.58512e+07,
5.20998e+07,
5.73814e+07,
5.0058e+07,
6.19879e+07,
5.07629e+07,
5.91763e+07,
3.85249e+07,
4.43684e+07,
3.72335e+07,
3.69989e+07,
3.75597e+07,
4.1169e+07,
3.86654e+07,
3.49171e+07,
1.12194e+08,
5.62473e+07,
4.50207e+07,
5.85865e+07,
2.70297e+07,
4.94651e+07,
4.19949e+07,
3.87392e+07,
7.82754e+07,
7.50756e+07,
7.12131e+07,
5.32302e+07,
5.15538e+07,
8.06956e+07,
7.39128e+07,
3.58748e+07,
6.64633e+07,
3.97821e+07,
7.5189e+07,
9.14988e+07
